[Polygon 00000000]
X Axis = area_um
Y Axis = deform
Name = Example polygon filter created with Shape-Out
Inverted = False
point00000000 = 4.806285699729710e+01 3.159643080378363e-02
point00000001 = 4.707025517531432e+01 2.200807132494297e-02
point00000002 = 5.501106975117668e+01 7.945144089310000e-03
point00000003 = 6.344818523803043e+01 1.050203995033418e-02
point00000004 = 7.039639799191001e+01 1.625505563763857e-02
point00000005 = 7.684830983479817e+01 2.712186304699132e-02
point00000006 = 7.635200892380678e+01 3.543177459531990e-02
point00000007 = 7.635200892380678e+01 4.502013407416056e-02
point00000008 = 7.387050436884979e+01 4.949470183095287e-02
point00000009 = 6.841119434794442e+01 5.205159769197705e-02
point00000010 = 6.344818523803043e+01 4.757702993518474e-02
point00000011 = 5.649997248415087e+01 4.182401424788034e-02
point00000012 = 5.054436155225410e+01 3.671022252583199e-02
